40
45
100
110
121
123
179
198
203
209
220
227
235
237
330
354
356
362
390
504
696
830
839
896
940
984
1019
1026
1068
1079
1094
1102
1193
1272
1306
1466
1611
1696
1718
1808
1858
1863
1898
1918
1919
1933
1951
1959
1963
1967
2001
2064
2116
2168
2197
2269
2278
2307
2352
2357
2492
2554
2594
2618
2620
2695
2709
2729
2843
2925
2965
2994
2995
3019
3020
3024
3031
3065
3073
3117
3246
3261
3292
3351
3352
3353
3411
3468
3524
3531
3534
3564
3593
3660
3661
3684
3770
3777
3800
3838
3890
3898
3899
4031
4080
4093
4101
4132
4165
4173
4223
4249
4255
4266
4513
4544
4548
4573
4602
4625
4695
4810
4845
4944
4993
5052
5071
5127
5148
5169
5176
5181
5183
5255
5280
5290
5318
5323
5371
5412
5453
5456
5458
5472
5473
5563
5684
5692
5711
5719
5727
5746
5800
5805
5807
5836
5849
5879
5888
5980
5985
6000
6037
6067
6108
6153
6158
6197
6215
6259
6264
6346
6352
6353
6357
6384
6426
6434
6438
6453
6465
6494
6593
6603
6621
6622
6719
6742
6752
6797
6816
6876
6922
6929
6943
6954
6959
7001
7014
7058
7135
7222
7287
7304
7310
7312
7313
7366
7375
7391
7499
7583
7593
7628
7674
7722
7736
7767
7804
7902
7917
7918
7927
7937
7940
8069
8111
8135
8137
8138
8156
8163
8172
8173
8240
8347
8349
8453
8489
8506
8596
8600
8607
8632
8636
8658
8671
8681
8707
8710
8723
8746
8799
8866
8884
8902
8971
9048
9107
9138
9149
9182
9196
9206
9213
9216
9465
9535
9543
9638
9700
9712
9751
9760
9761
9769
9771
9777
9784
9792
9841
9848
9864
9869
9897
9923
9957
9975
9981
10067
10135
10230
10246
10255
10268
10340
10341
10344
10355
10375
10445
10531
10545
10555
10617
10632
10633
10661
10689
10737
10743
10746
10757
10771
10774
10780
10827
10841
11071
11083
11091
11119
11196
11270
11273
11291
11297
11322
11324
11327
11343
11356
11392
11490
11498
11507
11546
11658
11765
11773
11776
11789
11795
11830
12059
12084
12396
12397
12429
12524
12576
12748
12771
12788
12791
12806
12848
12878
12886
12887
12891
12917
13046
13053
13157
13186
13256
13258
13261
13266
13274
13559
13903
13904
13946
13949
14220
14612
14689
14770
